id,STAR_WHITE_DWARF,STAR_CATY_VAR,STAR_BROWN_DWARF,SERENDIPITY_RED,REDDEN_STD,STAR_BHB,GALAXY,SERENDIPITY_DISTANT,QSO,SKY,STAR_RED_DWARF,ROSAT_D,STAR_PN,SERENDIPITY_FIRST,STAR_CARBON,SPECTROPHOTO_STD,STAR_SUB_DWARF,SERENDIPITY_MANUAL,SERENDIPITY_BLUE
199991,0.02315493,0.024099117,0.022848383,0.023288872,0.022865478,0.022888888,0.022877708,0.022926725,0.023921076,0.022841107,0.022844477,0.022853324,0.02284573,0.022858478,0.022848593,0.022848895,0.5854758,0.02285498,0.022857442
199992,0.033722855,0.16194433,0.03132202,0.12520948,0.03144788,0.031494737,0.20894226,0.031348873,0.031320848,0.031312045,0.031316664,0.031328797,0.031318385,0.031325903,0.031322315,0.03132273,0.031334396,0.031331066,0.031334445
199993,0.6294369,0.0208511,0.020547574,0.020760588,0.02056295,0.020584002,0.020579973,0.02056519,0.020546805,0.02054103,0.020544061,0.02055223,0.02054519,0.020619698,0.020547766,0.020548036,0.02055547,0.020544969,0.020566475
199994,0.027594622,0.057698462,0.027403807,0.03069686,0.4676177,0.02755492,0.032562673,0.027427299,0.027402781,0.027395079,0.027399123,0.027409734,0.027400626,0.027407205,0.027395334,0.027404422,0.027414335,0.027400332,0.027414674
199995,0.020725235,0.043930966,0.02045673,0.020851115,0.02044729,0.020492997,0.020482987,0.020526875,0.02053195,0.020450216,0.020453233,0.020461153,0.020454356,0.020459266,0.02045692,0.02045719,0.60743403,0.020462638,0.020464843
199996,0.026035473,0.028530346,0.51317,0.030018395,0.02652539,0.02577561,0.025771106,0.025752593,0.025729572,0.02572234,0.025726138,0.040452134,0.025727548,0.025759239,0.025769742,0.025731113,0.025740422,0.025727272,0.026335537
199997,0.0276142,0.041163895,0.02742325,0.030718632,0.37440804,0.14003283,0.029297076,0.027446756,0.027422223,0.027414516,0.02741856,0.027443105,0.027420064,0.027426649,0.027619505,0.027423862,0.027433783,0.02741977,0.027453275
199998,0.021311028,0.023630992,0.020987524,0.02265233,0.021235282,0.021061491,0.021024765,0.021009663,0.020990884,0.020984983,0.60518247,0.032805976,0.021001618,0.020996172,0.021003598,0.02099214,0.020999731,0.020989005,0.021140348
199999,0.6294593,0.020851843,0.020548306,0.020761328,0.020563683,0.020584736,0.020590542,0.020565921,0.020547537,0.020541763,0.020544793,0.020556657,0.020545922,0.020571228,0.020548498,0.020548768,0.020556202,0.020545702,0.020567207
200000,0.027027527,0.09636791,0.026840635,0.037051834,0.41782215,0.026947588,0.0405154,0.026863646,0.026839633,0.026832089,0.026836049,0.026844136,0.026837518,0.026844354,0.030868446,0.026841238,0.026850948,0.026837232,0.028131684
200001,0.02462936,0.022621276,0.022199666,0.024843207,0.022107782,0.022130417,0.022126086,0.022110192,0.022090426,0.022084218,0.022087479,0.022096258,0.022101726,0.022163201,0.5962172,0.02209175,0.02209974,0.022088451,0.022111572
200002,0.6294679,0.020852128,0.020548588,0.020761613,0.020563964,0.020585015,0.020582573,0.020566203,0.020547818,0.020542042,0.020545075,0.020553032,0.020546203,0.02057151,0.02054878,0.02054905,0.020556483,0.020545982,0.020566013
200003,0.06464404,0.16610505,0.039771825,0.082977496,0.03980157,0.039842326,0.08949539,0.039805915,0.03977033,0.03975915,0.03976502,0.039780416,0.0397672,0.039809998,0.039772186,0.039772715,0.03978709,0.03976677,0.039805546
200004,0.019919056,0.6418117,0.01978132,0.019838808,0.01987749,0.019890398,0.021480802,0.019798277,0.01978058,0.019775018,0.019777939,0.019785596,0.019779023,0.01978377,0.019781504,0.019781763,0.019788919,0.01977881,0.019789163
200005,0.62944984,0.020851528,0.020547997,0.020761015,0.020563371,0.020584425,0.020580396,0.020565612,0.020547228,0.020541452,0.020544484,0.020552652,0.020545613,0.020575803,0.020548189,0.02054846,0.020555893,0.020545391,0.020590648
200006,0.021214586,0.021282997,0.020939741,0.021343436,0.020955408,0.020976864,0.020966617,0.02101154,0.021004109,0.020933073,0.020936163,0.02094427,0.02098382,0.020957042,0.020939935,0.02094021,0.62177634,0.02094579,0.020948045
200007,0.6285282,0.021977616,0.02051791,0.020730617,0.020533264,0.020554285,0.020917717,0.020535499,0.020517142,0.020511376,0.020514403,0.020522347,0.02051553,0.020520456,0.020518102,0.020518372,0.020525794,0.02051531,0.020526048
200008,0.5292121,0.02581828,0.02431556,0.027260412,0.024333753,0.024358666,0.0528219,0.024336403,0.02431465,0.024307815,0.024311401,0.024320818,0.024312736,0.024349956,0.024315784,0.024316104,0.024334887,0.024322592,0.024336178
200009,0.025685813,0.055337466,0.025587264,0.028657142,0.026660934,0.02566251,0.030847551,0.025609199,0.025586307,0.025579115,0.025582891,0.49777153,0.025584295,0.02562189,0.026410459,0.025587838,0.025597095,0.02558402,0.027046641
200010,0.021858558,0.024238126,0.021526743,0.023234319,0.021780869,0.02160261,0.02156494,0.02154945,0.021530187,0.021524135,0.59607226,0.032094013,0.0215412,0.022056872,0.02154323,0.021531476,0.021539265,0.02152826,0.021683495
200011,0.025539132,0.027428064,0.025151446,0.027146548,0.025448361,0.025198426,0.025196075,0.025177978,0.02515547,0.025148401,0.5346816,0.03200342,0.02516834,0.02516181,0.02517071,0.025156977,0.025166078,0.025153222,0.025747914
200012,0.028586667,0.041790288,0.028388992,0.030755479,0.46079555,0.03168208,0.036248863,0.028413327,0.02838793,0.028379953,0.028384142,0.028395133,0.028385697,0.028392512,0.029438214,0.028389629,0.0283999,0.028385391,0.028400252
200013,0.028823884,0.060268767,0.02862457,0.03206431,0.44807607,0.029108822,0.029512318,0.028649108,0.028623499,0.028615454,0.028619677,0.02863076,0.028621245,0.02862812,0.028615728,0.028625213,0.028635567,0.028620938,0.028635921
200014,0.103725575,0.031570952,0.02852157,0.0824664,0.028508408,0.02860544,0.3542867,0.02854602,0.028542018,0.028512485,0.028516693,0.028527737,0.028518258,0.028525107,0.028521836,0.028522208,0.028519915,0.028529804,0.02853288
200015,0.027967347,0.028697096,0.5161693,0.030193841,0.025982557,0.025926258,0.025921728,0.025903108,0.025879953,0.025872678,0.025876498,0.033762112,0.025877915,0.02590979,0.025920356,0.025881503,0.025890864,0.02587764,0.026489459
200016,0.02442738,0.025947398,0.022336235,0.025041372,0.022352945,0.022375831,0.022364898,0.022355383,0.022335399,0.02232912,0.022332417,0.022341065,0.02233364,0.022537379,0.022336444,0.022336734,0.03474113,0.5768201,0.022355175
200017,0.02259298,0.043078855,0.02243675,0.022501184,0.5749224,0.022699775,0.022499232,0.022455985,0.02243591,0.022429604,0.022432916,0.022441603,0.022434145,0.022439532,0.02243696,0.022437252,0.02244537,0.022433905,0.022445649
200018,0.044086985,0.06828093,0.04031284,0.1102204,0.040343,0.040384308,0.04036458,0.0403474,0.040311333,0.040300004,0.04030595,0.040321562,0.040308163,0.16724925,0.040313218,0.04031375,0.040225428,0.04566386,0.04034703
200019,0.021585967,0.022458931,0.021300193,0.022125801,0.02131613,0.02133795,0.021327531,0.021318452,0.021299394,0.02129341,0.02129655,0.0213048,0.02129772,0.021309605,0.02130039,0.02130067,0.6142115,0.021306343,0.021308638
200020,0.029878642,0.030143457,0.029672034,0.030300533,0.19735475,0.29570565,0.029937513,0.02969747,0.029670924,0.029662585,0.029666964,0.029653654,0.02966859,0.029675715,0.029884383,0.0296727,0.029683433,0.029668272,0.030402726
200021,0.020793306,0.6277429,0.020649523,0.020708825,0.02068697,0.020891597,0.020707026,0.020667225,0.02064875,0.020642946,0.020645993,0.02065399,0.020647125,0.020652084,0.020649714,0.020649984,0.020657454,0.020646904,0.020657713
200022,0.027560016,0.21270789,0.027369441,0.03610301,0.30489668,0.031767886,0.031127863,0.027392903,0.027368417,0.027360726,0.027364762,0.02737536,0.027366264,0.027372835,0.027369697,0.027370054,0.027379954,0.027365971,0.027380295
200023,0.6294369,0.020851102,0.020547576,0.02076059,0.02056295,0.020584004,0.02058156,0.020565191,0.020546807,0.02054103,0.020544063,0.020552019,0.020545192,0.020619698,0.020547768,0.020548038,0.020555472,0.02054497,0.020565001
200024,0.026892453,0.11123956,0.026706494,0.034957435,0.41573402,0.02718432,0.035049897,0.02672939,0.026705496,0.026697991,0.02670193,0.026708195,0.026703393,0.026709806,0.028416943,0.026707094,0.026716756,0.026703108,0.026735738
200025,0.6271948,0.020776829,0.020578757,0.023886334,0.020489704,0.020510681,0.020506667,0.020491935,0.020473618,0.020467862,0.020470884,0.020481171,0.020472009,0.020497223,0.020779403,0.020474844,0.020482251,0.020471789,0.020493217
200026,0.020731889,0.62894106,0.020588528,0.020647656,0.020726869,0.020630306,0.020645864,0.020606179,0.020587757,0.020581974,0.02058501,0.020592982,0.020586139,0.020591082,0.02058872,0.02058899,0.020596439,0.020585919,0.020596694
200027,0.6294648,0.020852024,0.020548485,0.020761508,0.020563861,0.020584915,0.020580886,0.0205661,0.020547716,0.020541942,0.020544972,0.02055314,0.020546101,0.020576293,0.020548679,0.020548947,0.020556381,0.020545881,0.020567385
200028,0.020733053,0.62897635,0.020589685,0.020648817,0.02067242,0.020631464,0.020647023,0.020607335,0.020588914,0.020583129,0.020586165,0.020594139,0.020587295,0.020592239,0.020589877,0.020590147,0.020588493,0.020595632,0.02059785
200029,0.019814761,0.6384513,0.019677745,0.019734934,0.019773412,0.019786254,0.026604291,0.019694613,0.01967701,0.019671477,0.019674383,0.019682,0.019675462,0.019680185,0.019677928,0.019678187,0.019685306,0.01967525,0.01968555
200030,0.6294617,0.020851921,0.020548385,0.020761406,0.020563759,0.020584812,0.020590618,0.020566,0.020547615,0.02054184,0.020544872,0.02055304,0.020545999,0.020571306,0.020548576,0.020548847,0.020556279,0.020545779,0.020567285
200031,0.022999967,0.024701096,0.022650827,0.024447568,0.022918219,0.022693135,0.022691019,0.022674717,0.02265445,0.022648081,0.5852571,0.024496842,0.022666039,0.022672525,0.022668174,0.022655806,0.022664001,0.022652425,0.023187991
200032,0.023560753,0.54040486,0.023397833,0.02685941,0.038886674,0.02346792,0.02596064,0.02341789,0.023396958,0.02339038,0.023393834,0.035633273,0.023395116,0.023423932,0.026832752,0.023398357,0.023406822,0.023394866,0.024377763
200033,0.020117525,0.62256706,0.019978413,0.020240003,0.020009728,0.021783194,0.03540971,0.019995539,0.019977665,0.01997205,0.019974997,0.020111352,0.019976094,0.01998089,0.0199786,0.019978862,0.019986087,0.019975878,0.019986337
200034,0.056931306,0.18709737,0.03572657,0.122083075,0.03586687,0.035789903,0.09391017,0.035757195,0.035725232,0.03571519,0.035720464,0.03575244,0.035722423,0.035766423,0.036691133,0.035727374,0.035740294,0.035722036,0.03855456
200035,0.022499464,0.022684364,0.022152869,0.023580488,0.022169445,0.022192141,0.022188026,0.02217186,0.022152042,0.022145813,0.022149084,0.022157887,0.022163372,0.022210324,0.59874475,0.022153366,0.022161381,0.02215006,0.022173245
200036,0.043284353,0.043423932,0.042723585,0.043547247,0.042755544,0.042799324,0.042778417,0.04287008,0.19736458,0.04270998,0.042716283,0.042732824,0.045571703,0.042728882,0.04272398,0.042724546,0.07106833,0.042735923,0.042740528
200037,0.026516683,0.029235965,0.51834875,0.03032133,0.026793076,0.02603573,0.02603118,0.02601248,0.025989227,0.025981922,0.025985757,0.03013256,0.025987182,0.026019193,0.026029801,0.025990784,0.026000185,0.025986904,0.026601307
200038,0.0211765,0.023113856,0.02090215,0.02130512,0.020892503,0.020939205,0.020928977,0.02097382,0.020979006,0.020895492,0.020898577,0.020906668,0.020899724,0.02090474,0.020902343,0.020902619,0.6206601,0.020908186,0.020910438
200039,0.03187835,0.032160886,0.03165791,0.032328468,0.06856363,0.1561398,0.031710375,0.03168505,0.031656727,0.03164783,0.0316525,0.031708486,0.031654235,0.031662297,0.032967646,0.03165862,0.031670075,0.031653896,0.26594323
200040,0.62946784,0.020852126,0.020548586,0.020761611,0.020563962,0.020585015,0.020580987,0.0205662,0.020547817,0.02054204,0.020545073,0.02055324,0.020546202,0.020571508,0.020548778,0.020549048,0.020556482,0.02054598,0.020567486
200041,0.020855604,0.62884575,0.020585408,0.020644529,0.020668129,0.02062718,0.020642735,0.020655995,0.02058464,0.020578854,0.02058189,0.020589862,0.02058302,0.020587962,0.020585602,0.02058587,0.020607458,0.02059596,0.020593574
200042,0.6290391,0.021512205,0.020534588,0.020747468,0.020549955,0.020570993,0.020570688,0.020552192,0.02053382,0.020528048,0.020531079,0.020539029,0.020532206,0.020562377,0.02053478,0.02053505,0.020542478,0.020531986,0.020552002
200043,0.044222992,0.04631543,0.028519085,0.045732815,0.028540423,0.028569642,0.029217266,0.028543532,0.028518017,0.02851,0.02851421,0.028531611,0.028515773,0.43328062,0.02851935,0.028519724,0.02923181,0.028915187,0.029282568
200044,0.02887234,0.030854529,0.37505135,0.031620976,0.028837873,0.028347041,0.028343705,0.028323343,0.028298026,0.028290072,0.12945479,0.03487337,0.028295798,0.02833065,0.02833644,0.02829972,0.028309954,0.028295495,0.02896448
200045,0.026052123,0.028548593,0.5134982,0.030037593,0.026542354,0.025792096,0.025787588,0.025769064,0.025746029,0.02573879,0.02574259,0.039838463,0.025744002,0.025775714,0.025786223,0.02574757,0.025756884,0.025743727,0.026352381
200046,0.04514822,0.12805694,0.044974998,0.050370954,0.04686219,0.045107253,0.04625386,0.04501355,0.04497331,0.04496067,0.04496731,0.06810235,0.044969775,0.045054037,0.045645013,0.04497601,0.044992276,0.044969294,0.074601986
200047,0.033528853,0.31117123,0.033297006,0.03978492,0.03688277,0.033860303,0.111869566,0.03332555,0.033295758,0.033286404,0.033291314,0.033304207,0.03329314,0.033301134,0.033297315,0.03329775,0.0333098,0.03329278,0.03331021
200048,0.62904483,0.021512402,0.020534776,0.020747658,0.020550141,0.020571182,0.020567365,0.02055238,0.020534009,0.020528236,0.020531267,0.020536084,0.020532394,0.020557683,0.020534968,0.020535238,0.020542666,0.020532172,0.020554552
200049,0.023148155,0.024737347,0.022684067,0.024483446,0.023120513,0.022726994,0.02272432,0.022707995,0.022687698,0.02268132,0.58611596,0.022786092,0.022685912,0.022713855,0.022702267,0.022689056,0.022697262,0.02268567,0.02322202
200050,0.0290274,0.37363198,0.02882668,0.11523436,0.028942512,0.028985636,0.049374577,0.02885139,0.028847346,0.028817499,0.028821751,0.028832912,0.028823331,0.028830254,0.028826946,0.028827325,0.02882501,0.028835002,0.02883811
200051,0.025411915,0.028178312,0.025026161,0.027011324,0.025321597,0.029578568,0.025070569,0.02505256,0.025030164,0.02502313,0.53201824,0.031844005,0.02504297,0.025036473,0.025045328,0.025031663,0.025040718,0.025027927,0.025208395
200052,0.0256107,0.031926993,0.023418253,0.064028464,0.023435775,0.02345977,0.02345402,0.023438329,0.023417376,0.023410793,0.02341425,0.023423318,0.023415534,0.038261954,0.023418471,0.023418779,0.023367472,0.5122416,0.023438111
200053,0.025144635,0.027642822,0.024818875,0.036683183,0.024807421,0.024891859,0.53797936,0.024903977,0.024817947,0.024810972,0.024814632,0.024824243,0.024815993,0.024821954,0.024819106,0.024819432,0.024923274,0.024831595,0.024828717
200054,0.6283198,0.021970332,0.020511108,0.020723745,0.020526456,0.02054747,0.021229569,0.02052869,0.02051034,0.020504575,0.020507602,0.020515544,0.020508727,0.02051714,0.020511301,0.02051157,0.02051899,0.020508507,0.020528503
200055,0.62756073,0.023555836,0.020486329,0.020698708,0.02056678,0.020522647,0.02051863,0.02050389,0.020485561,0.020479804,0.020482827,0.02063398,0.02048395,0.020509182,0.020517543,0.020486789,0.0204942,0.02048373,0.020528851
200056,0.024642276,0.022633132,0.022102837,0.023527231,0.022119375,0.022142021,0.022202836,0.022121785,0.022102011,0.022095798,0.022099061,0.022107843,0.022113316,0.022160163,0.5973925,0.022103334,0.022111328,0.022100035,0.022123167
200057,0.021217706,0.021185538,0.02094282,0.021346577,0.02095849,0.02097995,0.0209697,0.021014633,0.021007197,0.020936152,0.020939242,0.02094735,0.020940391,0.020960124,0.020943016,0.020943291,0.6218678,0.02094887,0.020951126
200058,0.025850246,0.07723654,0.02536187,0.027341414,0.029838625,0.06007778,0.025376942,0.025358714,0.025336046,0.025328925,0.025449462,0.44941774,0.02533405,0.025365256,0.025375599,0.02533756,0.025346726,0.02533378,0.02593274
200059,0.03282791,0.10801631,0.03260091,0.036518484,0.32765257,0.03278068,0.038351808,0.032628857,0.032599688,0.032590523,0.032595336,0.03260796,0.032597125,0.03260495,0.03260121,0.03260164,0.032613434,0.032596774,0.03261384
200060,0.023176769,0.028180508,0.021326866,0.026248535,0.021342823,0.021364674,0.021360712,0.021345148,0.021326067,0.021320073,0.02132322,0.021331698,0.02132439,0.021439439,0.6021668,0.021327345,0.021335058,0.02141343,0.021346482
200061,0.025879135,0.02903818,0.028220112,0.02983814,0.026366109,0.02563747,0.025616353,0.025597952,0.025575073,0.025567884,0.025571657,0.52738667,0.025573058,0.02560456,0.025615,0.025576603,0.025585854,0.025572786,0.026177397
200062,0.62946784,0.020852126,0.020548586,0.020761611,0.020563962,0.020585015,0.020580987,0.0205662,0.020547817,0.02054204,0.020545073,0.02055324,0.020546202,0.020571508,0.020548778,0.020549048,0.020556482,0.02054598,0.020567486
200063,0.026436035,0.030627348,0.5065868,0.030229103,0.026711576,0.025961276,0.025951998,0.025933357,0.025910174,0.025902892,0.025906716,0.041782837,0.025908137,0.02594005,0.025950626,0.025911726,0.025921099,0.02590786,0.026520394
200064,0.023111593,0.024698276,0.02264824,0.024444778,0.022915602,0.022690544,0.022688428,0.022672128,0.022651862,0.022645496,0.58519024,0.024494044,0.02266345,0.022669936,0.022665584,0.022653218,0.022661414,0.022649838,0.023185343
200065,0.02572038,0.02818506,0.50695944,0.0296551,0.026204368,0.025480205,0.025459215,0.025440926,0.025418183,0.02541104,0.02541479,0.052048445,0.025416182,0.02544749,0.025457866,0.025419705,0.0254289,0.02541591,0.026016815
200066,0.023079714,0.024664208,0.025570398,0.024411058,0.023052156,0.022659801,0.022657134,0.022640856,0.022620618,0.02261426,0.5843831,0.022718722,0.022618838,0.0226467,0.022638375,0.022621972,0.022630155,0.022618596,0.023153363
200067,0.046974894,0.075359404,0.07429904,0.05471941,0.05185876,0.04703978,0.04697719,0.046943445,0.04690148,0.046888296,0.046895213,0.08289928,0.046897788,0.04695555,0.0469901,0.04690429,0.04692125,0.046897277,0.050677598
200068,0.02072827,0.022543436,0.020526938,0.023899294,0.022649871,0.23896617,0.020517794,0.020503055,0.020484727,0.020478971,0.020481993,0.40389714,0.020483116,0.020508345,0.020839158,0.020485954,0.020493364,0.020482896,0.021029484
200069,0.6290459,0.02151244,0.020534812,0.020747693,0.020550177,0.020571217,0.0205674,0.020552415,0.020534044,0.020528272,0.020531302,0.02053749,0.02053243,0.020531738,0.020535003,0.020535273,0.020542702,0.020532208,0.020577436
200070,0.020849401,0.6286587,0.020579286,0.020638388,0.020949725,0.020621045,0.020636596,0.02064985,0.020606887,0.020572733,0.02057577,0.020583738,0.020576898,0.02058184,0.020579478,0.020579748,0.020587193,0.020585245,0.020587448
200071,0.02442738,0.025947398,0.022336235,0.025041372,0.022352945,0.022375831,0.022364898,0.022355383,0.022335399,0.02232912,0.022332417,0.022341065,0.02233364,0.022537379,0.022336444,0.022336734,0.03474113,0.5768201,0.022355175
200072,0.021569375,0.022448909,0.02128382,0.022854127,0.021299744,0.02132155,0.021311138,0.021302065,0.021299079,0.021277042,0.02128018,0.021288423,0.021281349,0.021293225,0.021284018,0.021284295,0.61373943,0.021289967,0.02129226
200073,0.028222647,0.05901162,0.02802749,0.031395484,0.45492783,0.028830294,0.03322892,0.028051516,0.02802644,0.028018564,0.028022699,0.02803355,0.028024236,0.028030965,0.02801883,0.028028117,0.028038258,0.028023936,0.028038604
200074,0.025173835,0.0269021,0.024669139,0.02662598,0.024960358,0.024715217,0.02471291,0.02469516,0.024673084,0.024666151,0.5244284,0.05044259,0.024671145,0.02469277,0.024688032,0.02467456,0.024683487,0.024670878,0.025254168
200075,0.023476562,0.54226005,0.023314223,0.02611584,0.049590833,0.023587536,0.031855393,0.023334209,0.02331335,0.023306798,0.023310238,0.023319265,0.023311516,0.023317114,0.02331444,0.023314746,0.02332318,0.023311267,0.023323469
200076,0.028309952,0.029525055,0.027873851,0.03194527,0.027894707,0.027923265,0.027909622,0.027897745,0.02931128,0.027864974,0.027869087,0.027879879,0.027887067,0.027992215,0.028099423,0.027874477,0.4897789,0.02826577,0.027897486
200077,0.020855032,0.6288285,0.020584844,0.020643963,0.02066756,0.020626616,0.020642169,0.02060249,0.020584075,0.020677127,0.020581326,0.020589298,0.020582454,0.020587398,0.020585036,0.020585306,0.02059298,0.02059079,0.020593008
200078,0.02554358,0.038077276,0.025366947,0.028415237,0.3948816,0.15596831,0.027100269,0.025388695,0.025365999,0.02535887,0.025362613,0.025385318,0.025364002,0.025370093,0.02554849,0.025367517,0.025376694,0.025363732,0.025394723
200079,0.025649603,0.027546719,0.025260245,0.027263978,0.025558446,0.025307428,0.025305068,0.025286892,0.025264287,0.025257185,0.53087187,0.033925,0.02527721,0.025284443,0.025279593,0.025265798,0.025274938,0.025262028,0.025859293
200080,0.020158965,0.6247807,0.020019569,0.02055486,0.02010001,0.02012996,0.03398175,0.020036729,0.020033922,0.020013193,0.020016147,0.020023897,0.020017242,0.02002205,0.020019755,0.020020017,0.020018408,0.02002535,0.020027507
200081,0.02073286,0.62897044,0.020589491,0.020648623,0.020672226,0.020631272,0.02064683,0.020607142,0.02058872,0.020582937,0.020585973,0.020593947,0.020587102,0.020592045,0.020589683,0.020589953,0.02059763,0.020595439,0.020597657
200082,0.04350437,0.051637914,0.02805565,0.056523655,0.028076641,0.028105386,0.028624963,0.0280797,0.028054599,0.028046714,0.028050855,0.028248051,0.028052391,0.4262398,0.02805591,0.028056279,0.028066428,0.028063765,0.028456919
200083,0.025631411,0.047961548,0.5041942,0.029843714,0.025681265,0.025625618,0.02562114,0.025602736,0.02557985,0.02557266,0.025576435,0.033370607,0.025577838,0.025609342,0.025619784,0.02558138,0.025590634,0.025577562,0.026182288
200084,0.027309585,0.028652392,0.023342356,0.031455047,0.023341974,0.023365872,0.0233613,0.023344517,0.02332365,0.023317093,0.023348732,0.023332253,0.02333686,0.023472456,0.56214446,0.023325045,0.023442468,0.02335685,0.023427064
200085,0.022530597,0.024077406,0.022078898,0.023830274,0.02233954,0.022120137,0.022118077,0.022102186,0.02208243,0.022076223,0.59182477,0.02767148,0.022093724,0.022100048,0.022095807,0.02208375,0.02209174,0.022080455,0.022602499
200086,0.023728644,0.039959952,0.023421232,0.076992765,0.023515344,0.02351456,0.50768375,0.02350154,0.023460733,0.023413772,0.023417227,0.023426296,0.02341851,0.023424136,0.023421448,0.023421757,0.023419876,0.023427995,0.023430519
200087,0.02042977,0.61977565,0.0202885,0.021770006,0.033134,0.020526342,0.02058853,0.02030589,0.02028774,0.020282038,0.02028503,0.020292887,0.020286143,0.020291016,0.020288687,0.020288954,0.020296292,0.020285927,0.020296544
200088,0.020725826,0.6287571,0.020582506,0.020725954,0.020720806,0.020823797,0.020639826,0.020600151,0.020581737,0.020575954,0.02057899,0.02058696,0.020580119,0.02058506,0.020582698,0.020582968,0.020590415,0.020588465,0.02059067
200089,0.026935728,0.02972159,0.040942986,0.02949999,0.02721648,0.027495416,0.026442543,0.02642355,0.02639993,0.026392508,0.026469426,0.5005587,0.026397852,0.026430367,0.026441146,0.026401509,0.02641106,0.026397567,0.02702168
200090,0.026390586,0.028919496,0.5099172,0.030427834,0.026887184,0.026144147,0.026122613,0.026103849,0.026080513,0.026073184,0.026077032,0.03759958,0.026078463,0.026110584,0.02612123,0.026082076,0.02609151,0.026078183,0.026694745
200091,0.04242052,0.18430996,0.07043573,0.049414176,0.042893194,0.042430002,0.04242259,0.042392116,0.042354222,0.04234232,0.042348567,0.055195484,0.04235089,0.042403053,0.043499347,0.042356763,0.042372078,0.042350434,0.045708545
200092,0.028339291,0.05127942,0.028143326,0.035460845,0.45680803,0.028646862,0.03336625,0.02816745,0.028142273,0.028134365,0.028138516,0.028149413,0.028140059,0.028146816,0.028344737,0.028143957,0.028154138,0.028139757,0.028154489
200093,0.03117577,0.053418342,0.03216363,0.03137295,0.032459736,0.031899855,0.031201664,0.031179251,0.03115138,0.031142624,0.031147221,0.41023195,0.03114893,0.031187294,0.031993616,0.031153245,0.031164514,0.031148596,0.033659432
200094,0.020729568,0.6288706,0.020586222,0.020645343,0.020836541,0.020627996,0.02064355,0.020603871,0.020585451,0.020579668,0.020582704,0.020590676,0.020583833,0.020588776,0.020586414,0.020586684,0.020594131,0.020583613,0.020594386
200095,0.02549352,0.02737908,0.025106527,0.027098065,0.025402911,0.025153423,0.025151078,0.025133012,0.025110545,0.025103487,0.5337267,0.033718556,0.02512339,0.025130577,0.025125757,0.025112048,0.025121132,0.025108298,0.02570193
200096,0.02157964,0.022459593,0.02129395,0.022389175,0.02130988,0.021331696,0.021321278,0.021312203,0.021309216,0.021287166,0.021290308,0.021298554,0.021291476,0.021303358,0.021294145,0.021294424,0.61403143,0.021300098,0.02130239
200097,0.02073811,0.62530303,0.020469436,0.020528222,0.020551689,0.020510973,0.02052644,0.020539625,0.020546304,0.020887991,0.020465938,0.020473866,0.020467062,0.020471975,0.020469628,0.020469896,0.020630779,0.025471535,0.020477556
200098,0.020851275,0.6287152,0.020581136,0.020640243,0.020951606,0.020622898,0.020638451,0.020598779,0.020580364,0.020574583,0.020577617,0.020585587,0.020578746,0.02058369,0.020581327,0.020581597,0.020589042,0.020578526,0.020589298
200099,0.032285362,0.10623114,0.032062113,0.035914935,0.3387644,0.03223891,0.03771798,0.032089602,0.032060914,0.032051902,0.032056633,0.032069046,0.03205839,0.03206609,0.03206241,0.032062832,0.032074433,0.03205805,0.03207483
200100,0.5356216,0.026416315,0.02487878,0.037102368,0.024897393,0.024922883,0.027574236,0.024900107,0.024877848,0.024870856,0.024874527,0.02488416,0.024875892,0.024881864,0.02487901,0.024879338,0.024898551,0.024875624,0.024888646
200101,0.035002865,0.3248511,0.034760825,0.041533966,0.038504228,0.035348885,0.072796345,0.034790624,0.034759525,0.034749754,0.034754883,0.034768343,0.034756787,0.034765135,0.034761146,0.034761604,0.03478846,0.03477088,0.03477461
200102,0.020591024,0.023104554,0.022453649,0.023741052,0.032084174,0.17601517,0.02038194,0.0203673,0.020349093,0.020343374,0.020346375,0.45723784,0.02034749,0.020372555,0.020380862,0.020350311,0.020357672,0.020347273,0.02082834
200103,0.031555712,0.04887278,0.028854335,0.04627042,0.028875925,0.028905487,0.029314406,0.028879069,0.028853254,0.028845144,0.028849402,0.028840937,0.028850984,0.43837395,0.028854603,0.028854981,0.028877273,0.029644571,0.029626794
200104,0.044842925,0.088757664,0.04167688,0.04485226,0.1921912,0.044580474,0.04177653,0.041819777,0.042263642,0.041663602,0.041669752,0.041685883,0.041672036,0.041682046,0.041975137,0.041677814,0.041847352,0.041671585,0.041693408
200105,0.0377003,0.19061068,0.037211876,0.1487541,0.037361402,0.03728738,0.06441842,0.037243776,0.03726178,0.037200026,0.037205517,0.037219923,0.03720756,0.037216492,0.037212223,0.037212715,0.037226584,0.037222624,0.037226632
200106,0.040075265,0.045224648,0.03979814,0.03991244,0.2772014,0.0402647,0.039908975,0.03983226,0.039796654,0.039785467,0.039791342,0.03980675,0.03979352,0.039803077,0.039785843,0.039799042,0.039813433,0.039793093,0.039813925
200107,0.030335972,0.026908195,0.023898123,0.025134291,0.024180243,0.02402433,0.02394053,0.023923334,0.023901947,0.023895228,0.5348231,0.047511823,0.023915485,0.023903567,0.023916425,0.023903377,0.023912024,0.02389981,0.024072142
200108,0.021263387,0.021512136,0.020915149,0.022205144,0.020930799,0.020952228,0.020941993,0.020986866,0.020993691,0.020908488,0.020911574,0.020919671,0.020912722,0.020924391,0.020915344,0.020915618,0.6210461,0.02092119,0.020923443
200109,0.013866417,0.7218196,0.013770532,0.03349832,0.013825865,0.014571362,0.023374472,0.013782336,0.013780405,0.013766146,0.0137681775,0.01377351,0.013768933,0.013772239,0.013770659,0.013770841,0.013769735,0.013774509,0.013775993
200110,0.21969043,0.024395099,0.41337287,0.02466683,0.021226427,0.021180434,0.021176731,0.02116152,0.021142604,0.02113666,0.02113978,0.021150403,0.02114094,0.02116698,0.021175612,0.021143869,0.021151518,0.021140713,0.02164054
200111,0.024777329,0.02389644,0.022656225,0.025965527,0.022673175,0.022696389,0.022685299,0.022675646,0.022672467,0.022649007,0.022652352,0.022661123,0.022653595,0.022704924,0.022656435,0.022656733,0.02290829,0.5850836,0.022675436
200112,0.62946546,0.020852046,0.020548508,0.02076153,0.020563884,0.020584935,0.020581119,0.020566123,0.020547738,0.020541962,0.020544995,0.020551862,0.020546123,0.020576313,0.0205487,0.02054897,0.020556403,0.020545902,0.020567408
200113,0.02857358,0.053126242,0.028375996,0.037142728,0.44172278,0.036542796,0.033731252,0.028400322,0.028374936,0.02836696,0.028371148,0.028396545,0.028372701,0.028379928,0.028579073,0.028376633,0.028386898,0.028372398,0.028407067
200114,0.628835,0.021505225,0.020527927,0.020740736,0.020543287,0.020564318,0.020922652,0.020545524,0.020527158,0.020521387,0.020524418,0.020532366,0.020525545,0.02053077,0.020528119,0.020528387,0.020535814,0.020525323,0.020536067
200115,0.6293948,0.020849705,0.020660138,0.0207592,0.020561574,0.020582626,0.020578597,0.020563815,0.020545432,0.020539656,0.020542689,0.020553011,0.020543816,0.02056912,0.020546393,0.020546664,0.020554096,0.020543596,0.020565098
200116,0.031610526,0.06377564,0.030957099,0.39083374,0.032143317,0.031011982,0.030996833,0.03098364,0.030979294,0.03094724,0.03095181,0.030963795,0.030953506,0.03097078,0.030957388,0.030957792,0.04807023,0.03096604,0.030969376
200117,0.6265431,0.020755239,0.02045311,0.025173139,0.020468414,0.020489369,0.020513153,0.020470643,0.020452345,0.020446595,0.020449612,0.020457532,0.020450735,0.02056107,0.0204533,0.020453569,0.020475313,0.02046325,0.020470453
200118,0.029986424,0.052052177,0.027419385,0.037334885,0.0274399,0.027467994,0.02745457,0.02744289,0.027439043,0.027410652,0.027414698,0.027425315,0.027416201,0.46722516,0.02741964,0.02742,0.027644446,0.027444316,0.02914232
200119,0.023415282,0.5645764,0.023253366,0.038592085,0.023962233,0.023813263,0.023318123,0.0232733,0.023252496,0.023245962,0.023249391,0.023258395,0.023250667,0.02325625,0.023253584,0.023253888,0.0232623,0.023250418,0.02326259
200120,0.040991772,0.30279422,0.03553656,0.06888675,0.037027705,0.03559956,0.052190423,0.035567027,0.03553523,0.035525244,0.035530485,0.03554425,0.035532437,0.0356132,0.035536893,0.03553736,0.035550214,0.035532054,0.035968654
200121,0.02120238,0.021270752,0.020927694,0.021331156,0.020943351,0.020964794,0.020954553,0.020999452,0.021496091,0.020921027,0.020924116,0.020932218,0.021051086,0.020936942,0.020927887,0.020928163,0.6214186,0.020933738,0.020935992
200122,0.0215693,0.022441592,0.021283748,0.022854049,0.021299671,0.021321477,0.021311065,0.021301992,0.021299006,0.021276968,0.021280108,0.02128835,0.021281276,0.021303872,0.021283943,0.021284223,0.6137373,0.021289892,0.021292185
200123,0.02340414,0.022052791,0.02153609,0.02292396,0.021552203,0.021574268,0.021570267,0.021554552,0.021535283,0.021529231,0.021532409,0.02154097,0.021533588,0.021915844,0.60807425,0.021536572,0.021544361,0.021533357,0.021555897
200124,0.026192991,0.028985789,0.51524097,0.030497583,0.026243936,0.026187072,0.026182495,0.026163686,0.026140299,0.02613295,0.026136808,0.032218534,0.026138242,0.026170436,0.02618111,0.026141863,0.02615132,0.026137961,0.026755936
200125,0.019943569,0.64260155,0.01980566,0.019863222,0.01985412,0.020372964,0.019866422,0.01982264,0.019804921,0.019799354,0.019802276,0.019809945,0.019803362,0.019808115,0.019805845,0.019806106,0.01981327,0.01980315,0.019813515
200126,0.023882767,0.35106987,0.023846336,0.036794342,0.023939982,0.02388811,0.023883935,0.023866778,0.023845445,0.02383874,0.023842262,0.024018202,0.023843566,0.023872936,0.229614,0.02384687,0.023855496,0.023843313,0.024407035
200127,0.022721596,0.024281504,0.02226606,0.024032282,0.022528911,0.022308197,0.02230557,0.022289546,0.022269623,0.022263363,0.5753154,0.04096786,0.02226787,0.022287391,0.022283113,0.022270957,0.022279013,0.022267632,0.0227941
200128,0.053928796,0.056110073,0.033765264,0.054347437,0.033764705,0.033799276,0.033792663,0.033768386,0.0337382,0.03372872,0.03377448,0.033750646,0.033735547,0.30319667,0.034159426,0.03374022,0.033752427,0.033735186,0.05941187
200129,0.026201285,0.030463872,0.50208837,0.029960671,0.02647438,0.025740603,0.025721548,0.025703073,0.025680095,0.025672877,0.025676668,0.050173327,0.025678076,0.025709704,0.025720188,0.025681634,0.025690923,0.0256778,0.026284896
200130,0.022324355,0.577481,0.022254914,0.034338813,0.02460624,0.022321578,0.02264507,0.022273993,0.022254081,0.022247829,0.02225111,0.024988983,0.02225233,0.022279741,0.02552205,0.022255413,0.022263464,0.022252092,0.02318698
200131,0.6287248,0.020827511,0.020524329,0.021847,0.020539686,0.020560715,0.02056041,0.020541923,0.020523561,0.020517793,0.020520821,0.020528767,0.020521948,0.020607322,0.02052452,0.02052479,0.020540645,0.020521726,0.020541733
200132,0.027667856,0.03069302,0.027259564,0.028572096,0.027581366,0.027403522,0.027307933,0.02728832,0.027263924,0.027256262,0.027562503,0.5029893,0.027279368,0.027265772,0.027280439,0.027265556,0.027302401,0.027302727,0.027458059
200133,0.5223794,0.020415831,0.019946564,0.022362288,0.01996149,0.019981924,0.13553622,0.019963663,0.019945817,0.01994021,0.019943153,0.019950878,0.019944247,0.019955669,0.01994675,0.019947011,0.019967932,0.019956453,0.019954473
200134,0.020316819,0.6250923,0.020176329,0.023380034,0.020632014,0.020235661,0.020691779,0.020193627,0.020190796,0.020169904,0.020172881,0.020180693,0.020173987,0.02707268,0.020176519,0.020176781,0.02017516,0.020194674,0.020597331
200135,0.020849006,0.62864685,0.020578898,0.020637998,0.02066159,0.020620655,0.020636206,0.020649461,0.020656176,0.02067044,0.02057538,0.02058335,0.020576509,0.02058145,0.02057909,0.020579359,0.020741101,0.020589445,0.020587059
200136,0.03140642,0.05337458,0.03118925,0.043054823,0.37567914,0.032929935,0.03984451,0.031215986,0.03118808,0.031179316,0.031183917,0.047226045,0.031185629,0.03119842,0.03296967,0.031189946,0.03120123,0.031185292,0.031597763
200137,0.62616915,0.022259893,0.020521194,0.022912556,0.020520855,0.020541865,0.020537844,0.020523092,0.020504745,0.020498984,0.020502008,0.02051231,0.020503134,0.020528387,0.020846045,0.020505972,0.02051339,0.020502912,0.020595666
200138,0.027849384,0.028929586,0.52035105,0.030438457,0.026193056,0.026136301,0.026131734,0.026112963,0.02608962,0.026082287,0.026086137,0.02627864,0.026087567,0.0261197,0.02613035,0.026091183,0.02610062,0.026087288,0.026704064
200139,0.020976404,0.021518445,0.020921282,0.022211656,0.020936936,0.020958373,0.020948134,0.02099302,0.020999847,0.02091462,0.020917708,0.020925807,0.020918855,0.020930529,0.020921478,0.020921752,0.6212283,0.020927325,0.020929579
200140,0.019384574,0.02124212,0.38207802,0.022350037,0.019232769,0.019191096,0.019187741,0.019173957,0.019156817,0.019151432,0.01915426,0.28609028,0.01915531,0.019178905,0.019186726,0.019157965,0.019164896,0.019155106,0.019607985
200141,0.02766735,0.02776088,0.027476031,0.02805801,0.0776741,0.25062662,0.027490867,0.027499586,0.027475005,0.02746728,0.027471336,0.027459012,0.027472842,0.02747944,0.027672667,0.027476648,0.027486587,0.027472548,0.23081322
200142,0.025631178,0.02667634,0.025291849,0.026851784,0.02531077,0.025336685,0.025324311,0.02531353,0.025637528,0.025283793,0.025287524,0.025297318,0.02528891,0.025303023,0.025292082,0.025292415,0.5409799,0.025299152,0.025301877
200143,0.025818544,0.051469803,0.02564001,0.029433306,0.026215693,0.02594475,0.026096625,0.02566199,0.02563905,0.025631843,0.025635628,0.49000102,0.025637032,0.025695307,0.026021983,0.025640585,0.02564986,0.025636757,0.042530198
200144,0.028137323,0.05883321,0.027942754,0.03284004,0.45355245,0.028743133,0.03461226,0.027966708,0.02794171,0.027933858,0.02793798,0.027948799,0.027939511,0.02794622,0.027934123,0.027943382,0.02795349,0.027939212,0.027953837
200145,0.020857094,0.6288907,0.02058688,0.020646002,0.020669604,0.020628655,0.02064421,0.020604528,0.020586109,0.020580325,0.020583361,0.020591334,0.02058449,0.020589434,0.020587072,0.020587342,0.020595016,0.020592825,0.020595044
200146,0.029153181,0.022517417,0.022006642,0.024605589,0.02200628,0.022028811,0.0220245,0.022008678,0.021989005,0.021982824,0.021986071,0.021997118,0.022000253,0.022228083,0.5934799,0.021990322,0.021998277,0.021987038,0.022010054
200147,0.025549693,0.027439408,0.025161847,0.027157774,0.025458885,0.025208848,0.025206495,0.02518839,0.025165873,0.0251588,0.5349027,0.032016657,0.025178747,0.025172215,0.025181118,0.02516738,0.025176484,0.025163623,0.02534507
200148,0.028065242,0.05671199,0.027871173,0.03847442,0.45239058,0.028369838,0.033428866,0.027895065,0.02787013,0.027862297,0.02786641,0.0278772,0.027867937,0.02787463,0.028070636,0.027871799,0.027881881,0.02786764,0.027882228
200149,0.6256321,0.02219549,0.020503594,0.023902133,0.020503256,0.020524248,0.02052023,0.020505492,0.02048716,0.020481404,0.020484427,0.020494718,0.02048555,0.020510782,0.020793147,0.020488387,0.020495798,0.020485329,0.020506771
200150,0.02479485,0.024073409,0.022672247,0.025418079,0.02268921,0.02271244,0.022701342,0.022691682,0.0226885,0.022665026,0.022668371,0.02267715,0.022669613,0.02272098,0.022672458,0.022672756,0.022623083,0.5854974,0.022691472
200151,0.02699948,0.06046722,0.026812779,0.033490643,0.4575324,0.02726638,0.045653004,0.026835764,0.026811775,0.02680424,0.026808197,0.026818577,0.026809666,0.026816104,0.026804488,0.02681338,0.02682308,0.02680938,0.02682341
200152,0.028786492,0.042911407,0.028587436,0.032022715,0.43732622,0.028745074,0.05833171,0.028611941,0.028586363,0.028578328,0.028582549,0.028593617,0.028584115,0.028590977,0.028792024,0.028588075,0.028598417,0.02858381,0.028598772
200153,0.028019795,0.028743,0.5171373,0.030250464,0.026031284,0.025975425,0.02597034,0.025951684,0.025928486,0.025921198,0.025925023,0.03195747,0.025926445,0.025958382,0.025968965,0.025930038,0.025939418,0.025926167,0.026539136
200154,0.6292756,0.021035168,0.020656224,0.020755269,0.020557681,0.020578727,0.0205747,0.020559918,0.02054154,0.020535767,0.020538798,0.020549119,0.020539925,0.020565225,0.0205425,0.02054277,0.020550203,0.020539705,0.020561203
200155,0.028842112,0.04299432,0.02864267,0.032084588,0.46491313,0.028800614,0.029770304,0.028667225,0.028641598,0.02863355,0.028637776,0.028648864,0.028639344,0.028646223,0.028847655,0.028643312,0.028653676,0.028639039,0.02865403
200156,0.020502107,0.6132296,0.020567784,0.02385195,0.022605004,0.020506155,0.02047715,0.020462438,0.020444147,0.0204384,0.020441419,0.03113618,0.02044254,0.020467719,0.020996893,0.02044537,0.020452768,0.02044232,0.02209014
200157,0.058353964,0.036062066,0.0356134,0.04469067,0.035640042,0.03567653,0.3265593,0.035643928,0.035612065,0.035602055,0.03560731,0.0356211,0.035609264,0.035617813,0.035613727,0.035614196,0.035611335,0.03562368,0.03562752
200158,0.028333455,0.051268857,0.028137531,0.035453543,0.45671397,0.028438097,0.033768203,0.028161652,0.028136479,0.028128572,0.028132724,0.028143616,0.028134264,0.02814102,0.028338902,0.028138163,0.028148342,0.028133964,0.02814869
200159,0.62783104,0.022291223,0.020440975,0.022062425,0.0205253,0.020481255,0.020477246,0.020462537,0.020444244,0.0204385,0.02046623,0.020451788,0.020454705,0.0204494,0.020456629,0.02044547,0.020452866,0.020442419,0.020925736
200160,0.052845772,0.11331144,0.033942062,0.2691622,0.033967458,0.034002233,0.033985626,0.03397116,0.0339664,0.03393125,0.033936262,0.033949405,0.03393812,0.035355855,0.03394238,0.033942822,0.053078964,0.034632295,0.03413832
200161,0.020718843,0.6285453,0.020575574,0.021323074,0.020654667,0.020617325,0.020632872,0.020593211,0.020574803,0.02056902,0.020572057,0.020580025,0.020573186,0.020578125,0.020575766,0.020576034,0.020583479,0.020572964,0.020583734
200162,0.6268181,0.022380358,0.020522716,0.022150649,0.020542124,0.020563155,0.02055913,0.020544363,0.020525998,0.02052023,0.02052326,0.020533571,0.020524384,0.020549664,0.020539181,0.020527227,0.020534651,0.020524163,0.020617012
200163,0.023111716,0.024698406,0.02264836,0.024444906,0.022915725,0.022690663,0.022688549,0.022672249,0.022651983,0.022645615,0.58519334,0.024494175,0.0226502,0.0226781,0.022665704,0.02265334,0.022661533,0.022649959,0.023185465
