id,STAR_WHITE_DWARF,STAR_CATY_VAR,STAR_BROWN_DWARF,SERENDIPITY_RED,REDDEN_STD,STAR_BHB,GALAXY,SERENDIPITY_DISTANT,QSO,SKY,STAR_RED_DWARF,ROSAT_D,STAR_PN,SERENDIPITY_FIRST,STAR_CARBON,SPECTROPHOTO_STD,STAR_SUB_DWARF,SERENDIPITY_MANUAL,SERENDIPITY_BLUE
199991,0.011814744073091016,0.01697424738843726,0.0046061414348430325,0.005351714351569302,0.006902174637147704,0.001671362151289197,0.0025269734661981158,1.6142870117233103e-16,0.04709067239612753,3.839776237520771e-05,0.004574609807704197,0.004357940593177974,0.0002746817852340929,0.001084098577421801,0.0021363326224629357,3.7247875813175574e-06,0.8894799906418632,0.0003632960671972799,0.0007488974562787297
199992,0.02794241300223039,0.3928013117028231,0.006989689755175706,0.2120780309457253,0.01101622956016483,0.002745841064291315,0.31804019969473835,1.6234046976756694e-05,0.0013262521751076907,5.95326432748485e-05,0.0069418414000407234,0.006613051976081682,0.00023595377360700507,0.0016448451495569753,0.0032418245197426716,6.056011246347892e-06,0.006595050567589044,0.0005692112372199388,0.0011364307744073793
199993,0.9647124291471516,0.010709415607590134,0.0029510934873704232,0.0025283933626233717,0.004422131388823504,0.0010260271767452013,0.0015766627261366761,9.571479897688227e-06,0.0005481274434096877,2.64782200203039e-05,0.002930891593700436,0.0027781878274514005,0.00010374088809624538,0.0007817502384499068,0.0013685624530794496,2.219858394400665e-06,0.002783203482442356,0.00024150398384680826,0.0004996096347706487
199994,0.014164207288936186,0.08626866343724587,0.005955564306925547,0.01359752894093071,0.8386888121542545,0.003140956608721246,0.014012278043965123,1.4983708807017732e-05,0.0011061690358463855,5.3435096629291895e-05,0.005914795121744468,0.005634650132995128,0.00020935816942393095,0.0014014901098961413,0.0027596315020338917,5.0646561546612515e-06,0.005616747619105164,0.000487368363082441,0.0009682957033022434
199995,0.007556709760263246,0.014488138554590075,0.002958221876624284,0.005053478015111021,0.0043468659181344765,0.00107340604921612,0.0017102470117826554,3.6783586109190322e-06,0.000646473015513764,2.1740107597596945e-05,0.0029379711851231366,0.002798818790549669,0.00011070827870718729,0.000690834486701555,0.0013720260198070424,2.4119146312014867e-06,0.9535057117201305,0.00024159132662904075,0.0004809676102764989
199996,0.010620494428736152,0.01987484790541716,0.9130459868813775,0.011824296884724642,0.006801267647931626,0.0015586386975729488,0.0022815625260689414,1.2471678091954613e-05,0.000793225119492137,3.8317901503997794e-05,0.004241453082825958,0.02005143026463269,0.00015012909743119482,0.0010156653684596367,0.002068398150225139,3.2602797869668137e-06,0.00402772556177444,0.0003494935872085653,0.0012413349367381814
199997,0.016799619702185194,0.03789015495168053,0.0070636650133190535,0.008215048300472951,0.6444455569763855,0.250099463702056,0.006373242503898836,3.4859197491828175e-05,0.0013119844089734324,6.337751883839248e-05,0.007015310255962108,0.0067483674333097396,0.00024831164611767377,0.0016622533391628456,0.0034570853097729286,5.758066477844e-06,0.006661807614029055,0.0005780488090609167,0.0013260852508053137
199998,0.008744279400815172,0.01577700827352708,0.003280098860218123,0.005066685818975818,0.005760987167538808,0.0012200826598072032,0.0017630780773744935,1.2541132626112282e-05,0.0006129649319797301,2.9610186576190552e-05,0.9375997746714521,0.013455914237541673,0.00011602494734453542,0.0007699802215123653,0.001551765987913431,2.52311813365572e-06,0.0031124260494760627,0.0002700712668401239,0.0008541829903475656
199999,0.9643294435459709,0.01141922595266421,0.0029499219192644748,0.0020721137562731903,0.004420375826650489,0.0010288559093633934,0.0017443874385970387,1.0798554517317752e-34,0.0005479098397880329,2.646771945537611e-05,0.0029297280456366875,0.002832001209064467,0.00010369970352642527,0.0007015575221158754,0.0013680191412094977,2.2300059860809524e-06,0.0027820985657576263,0.0002414042637976528,0.0005005596348785299
200000,0.022261731556104603,0.243334056034665,0.009360296073148769,0.03847611749672395,0.5552650573711837,0.005345253179612557,0.05316597996261364,1.448510200372717e-05,0.0017385539218225294,8.398275849688985e-05,0.009296219585298221,0.012650538836839397,0.0003290459728327699,0.0022093843157148852,0.01619927378558176,6.1564511602479106e-06,0.008827781545711897,0.000765991590390957,0.020670094460094674
200001,0.013840104863180325,0.014582736972287734,0.003935002798537081,0.014803997615770927,0.005766663821111969,0.001339317152218999,0.0020661437340052245,1.2576974902048398e-05,0.0007147835329492968,3.4528984943103015e-05,0.0038220181697247377,0.003624207590592205,0.00013529766132840633,0.0011325621916596432,0.9292892051937598,2.868008956969322e-06,0.003629426043187558,0.0005216105205398014,0.0007469481703440374
200002,0.9649493497082009,0.010961080143851784,0.002958733433557372,0.002066768612777729,0.004433579635375779,0.0010286834099178304,0.0015801809155159235,8.081250058033758e-06,0.0005495464645925685,2.654676823029695e-05,0.0029384792401614813,0.0027899785086506826,0.00010400945796901757,0.0007161582453911722,0.0013721054596089793,2.228260518835003e-06,0.0027904087861456094,0.000242125346314084,0.0004819563531620953
200003,0.15050071888927835,0.5464998782344298,0.015164917964714163,0.1038388064897216,0.02272420715497258,0.005520233180732769,0.09376065471552372,3.744497875795151e-05,0.002816687356429061,0.00013606362147128892,0.015061105577357308,0.014299968603840345,0.0005330980073315048,0.0036653863719229127,0.007033502862053805,1.1209882630388938e-05,0.014302173980924546,0.0012410077137690522,0.0028529344141387243
200004,0.005936393756797083,0.9739715634739674,0.0024960503647424143,0.0012833783093428354,0.0036010081100475784,0.0011052251545939694,0.0014774255602030488,6.118796929025832e-06,0.0004636090692833909,2.237554924091496e-05,0.002478963497017196,0.0023615512812620227,8.774458778737864e-05,0.0005873817693348068,0.0011576704486694614,0.0,0.0023540481171583478,0.0002036674964036183,0.00040582465721938714
200005,0.9645627668190623,0.010966878402993778,0.002960298562445645,0.002272456156284689,0.0044359249374185655,0.0010292275691528223,0.0015846489791980802,9.096259168220783e-06,0.0005498371670389013,2.6560811101944754e-05,0.002940033654862787,0.002889458037434624,0.0001040644775275471,0.0007583799194319129,0.0013728312843379778,2.2267825949603136e-06,0.002791884873633503,0.00024225728505932137,0.0005011680212521513
200006,0.00818104060480564,0.011630242677453662,0.0032373377846909844,0.0033457444114293527,0.004851060495092137,0.0011746846945127109,0.0019333117262591065,5.286408373490289e-165,0.0016066015732848229,2.1930546556246613e-05,0.0032151763879138106,0.0030628946039331665,0.0001264673348773693,0.0007592337675198069,0.0015014802339874149,2.6449569501900543e-06,0.9545647406670884,0.00025905938164737767,0.0005263481519977939
200007,0.9606282237870772,0.014183682938691985,0.003035269040827895,0.002505104421483195,0.00454826611098968,0.0010701869366930236,0.0017129737471851853,5.885504708078211e-06,0.0005637619636686009,2.7233458883249194e-05,0.0030144909181811508,0.002871714286535154,0.00010669994266670997,0.0007142731271741137,0.0014077605652361804,3.984954174337743e-83,0.0028625902231613426,0.0002483885703698767,0.0004934944564669135
200008,0.892015941052735,0.015010739337502153,0.003911532240074441,0.010361874133161749,0.0058613221069594434,0.001419765344664082,0.055621271413209925,1.1294303395668927e-05,0.0007265165186200195,3.509547495002527e-05,0.003884755603299338,0.0036884332876790573,0.00013750354915526431,0.0008389141600674287,0.001814172240799054,1.4379701455443584e-49,0.0036892752630161667,0.0003191650255503604,0.0006524289451611745
200009,0.015091985027678776,0.09696141616930579,0.006280920880462343,0.018376522911128994,0.014163299121700536,0.0036752022212378907,0.006191512493632663,1.7243149823426168e-05,0.001166599810951436,5.6354274825101095e-05,0.006237924446659175,0.8105848075443252,0.0002207955501884202,0.0015293113616396173,0.0031980319569873657,1.1025259331833208e-06,0.0059235944039930325,0.0005139936319051362,0.009809382517621883
200010,0.00909465663255483,0.016409182090330873,0.0034115301544158467,0.00648548412936433,0.005991825941476175,0.0014053149453488673,0.0018337233973346229,1.691926665423962e-05,0.0006375260131364604,3.0796625358052175e-05,0.9279120605349194,0.017959429383271937,0.00012067398679077363,0.0007922300650572666,0.0016139441785030615,2.6242177333482932e-06,0.0032371388100390615,0.0002808928358351681,0.002764046791875539
200011,0.009155232009396733,0.016018193859884202,0.00353218501304571,0.005371592254350458,0.006203737570329218,0.001878039382981989,0.0018985763012391364,1.3533211394088572e-05,0.0006600732595350521,3.1885902192138295e-05,0.924102301830397,0.023921325410250598,0.0001249418379184256,0.0008291556793464252,0.001671024197696713,2.7171624818283137e-06,0.0033516260072238638,0.0002908271127912033,0.0009430319975453342
200012,0.014503247340163627,0.08350331755637354,0.006098119042712664,0.021347363735111074,0.8220752798763898,0.01738832561002569,0.010123139423900888,1.5654099881296352e-05,0.0011326467340986906,5.4714105849028996e-05,0.006056373990238045,0.0057695233405647165,0.00021436944912624206,0.0014350367298347716,0.003036276322667199,4.91292251107815e-06,0.005751192305042547,0.0004990342044116036,0.0009914732110973545
200013,0.01657082905913891,0.1017193671615811,0.006967466379700542,0.013699233907344543,0.7958417980923306,0.0031119964082328864,0.0338104485154141,1.73164335776858e-05,0.00129411675709101,6.251415629373236e-05,0.006919770156061988,0.006592026101937208,0.0002449299397339418,0.0016396154451441237,0.003228516849095966,5.978814691358755e-06,0.0065710817955353116,0.0005701764785509597,0.0011328175485438873
200014,0.08660490157263984,0.028228240335492927,0.007005300701106627,0.08503732039993342,0.010353164278644864,0.002643699570394521,0.7516320371195021,1.1494896400671754e-05,0.0013460892797439248,6.229759859704085e-05,0.006957345480272155,0.0066278217298837774,0.00023613535134296202,0.0016485187873855292,0.0032490648907845714,5.784557811464728e-06,0.006641332015392643,0.0005704825276718409,0.0011389689069990828
200015,0.012958169832835346,0.027943139567954987,0.895454632495712,0.020090609568779165,0.00826961199354298,0.0019095612490583585,0.0028180610405364424,1.6438426484708532e-05,0.0009797482120584716,4.732815637556881e-05,0.00523881048685047,0.011255318812115583,0.00018543123657044404,0.0012544942215586274,0.0025547720813551694,4.017277754472913e-06,0.0049748259615596145,0.0004316753324866026,0.003613354046410633
200016,0.0004919471578551637,0.0032219985016258453,0.00018518496232614672,0.0025825538713598576,0.0002774945077630342,6.721641948132916e-05,0.00010159425036261777,3.9890353107946943e-07,3.5260316455964235e-05,1.6455668038296016e-06,0.00018391726717036707,0.0001746227149615291,6.4961461692422595e-06,0.00011118928748773571,8.58889553877537e-05,1.4280810901268915e-07,0.0008221868415062317,0.9916191792570144,3.108226462880354e-05
200017,0.014842594935048935,0.05659754923630245,0.0062408030900803265,0.003499070767202775,0.8871388792443972,0.0028665822351910523,0.0034933961737483557,1.7935607944535974e-05,0.0011591484503044596,4.780951380744325e-05,0.006198081285101708,0.005904518891790914,0.0002193852745666882,0.001468613779954639,0.0028944901975552217,0.0,0.005885758945924026,0.0005107106278401426,0.0010146717432390057
200018,0.038094362551366924,0.19701848305657976,0.012772691683281148,0.1912893685703063,0.01913952270713434,0.004636092430534736,0.007235573246754123,5.580733773854267e-05,0.0024208546188335075,0.0001137337210472177,0.012685255429441879,0.01204418582958657,0.0004304354384889144,0.47420177959946125,0.00593812421099808,4.5760603747443155e-06,0.011564163575212384,0.002858282986337216,0.007496706946522388
200019,0.008521555088132243,0.012052617522698046,0.0033222461475184736,0.006047943929254503,0.0049782933116870555,0.0012058727008218942,0.0018226161705440958,7.32996524280724e-06,0.0006296773718925202,2.8549175797857866e-05,0.0032995035052725023,0.003143227699714193,0.00013178567309799264,0.0007819217827584084,0.0015408608105489912,2.6823975643847368e-06,0.9516820438926051,0.0002611197301122916,0.0005401531247364274
200020,0.01820150596957152,0.0277494217144231,0.007653110200480113,0.007231836747366651,0.34658070305303385,0.5362986114106808,0.005369480374843097,3.121311144545546e-05,0.001421466228119944,6.826979256455495e-05,0.0076007203595020376,0.007450111790791758,0.00026903263224090004,0.0018009642249090473,0.003764572668076375,0.0,0.0072177188058081265,0.0006262855371337617,0.020664975379008847
200021,0.008865008507671126,0.9612663426330821,0.0037274326174340216,0.0020898833563764343,0.005377501702142518,0.0014567906055620908,0.0020864941027135047,1.0238960363283109e-05,0.000692322395010436,3.317967493167074e-05,0.0037019162460544966,0.003526580792542445,0.0001310318265776379,0.0008771561651283462,0.0017287866669530687,2.8954383679311096e-06,0.0035153760752783024,0.00030503116743217944,0.000606031066378194
200022,0.01396271591860518,0.15136360567655816,0.005870844082996442,0.012790170757082648,0.6767888773273337,0.08664983828148101,0.028707544571309918,1.1594572437418952e-05,0.0010904333500925823,5.267465801385206e-05,0.005830654855367659,0.005554495038292455,0.00020637996784958877,0.0013815533667386954,0.0027294013080945536,4.943779115290904e-06,0.00553684719464153,0.0004790368548045203,0.000988388439184521
200023,0.9652254804564828,0.010042632033711831,0.0029526629316233522,0.0026677467422555755,0.004424483157320025,0.0010717254128303692,0.0015923377618127274,9.210823885724333e-06,0.0005484189473791871,2.6492301610879223e-05,0.0029324502942253017,0.0027842542451058314,0.00010379605935439535,0.0007356162338407178,0.0013694477760166684,2.2055275982254974e-06,0.002784683639790453,0.0002416285721314544,0.00048472708302461025
200024,0.022315017305117302,0.1885733557119099,0.009382700906572495,0.03544997979215186,0.6461484447120922,0.005645327152922902,0.05081141934236218,1.6239734679032188e-05,0.0017427153298284514,8.418401848609611e-05,0.009318471045043877,0.00905094692235408,0.0003298335782837575,0.0022079792689642273,0.007326140040102986,7.315050558419488e-06,0.008848911750727545,0.0007678250702138779,0.001973193267628726
200025,0.964649546166885,0.01071708255841984,0.002976026475306067,0.002376544619006207,0.004421843140437293,0.001029197431107165,0.0015764824971894137,1.017602792256917e-05,0.0005480917147446824,2.647650523540594e-05,0.0029307005489987393,0.0028369797839320385,0.00010373412593995725,0.0007017903993789873,0.0014505455892275887,2.2601521356603466e-06,0.0027830220645147165,0.00024148824186008588,0.0006180119577585883
200026,0.0063095352139887935,0.9722804323734101,0.0026529435744048406,0.0014874427496347966,0.004112186136331353,0.0009071649310767659,0.001485030499796921,7.254062327040757e-06,0.0004927499535924251,2.076617827128888e-05,0.002634782684473038,0.002509990337433812,9.325991320024918e-05,0.0006243025832694419,0.0012304376632211746,2.063709151267371e-06,0.002502015550034599,0.0002163084758411852,0.0004313334105405063
200027,0.9658047885821397,0.010048659411208498,0.0029544350580987186,0.0021378127160424994,0.004427138639481204,0.0010282102267520975,0.0015772712575608274,9.605962224154873e-06,0.0005487480969498457,2.6508204185768517e-05,0.002934210289498869,0.0027823486784630926,0.00010385835557617219,0.0007146122099942824,0.0013701120984067245,2.222371998786446e-06,0.002786354948611633,0.00024177744270083743,0.0005013254501064761
200028,0.006430348938933933,0.9719934038602787,0.0026521603945482593,0.001487003639202682,0.004179986345615208,0.0009868503092314062,0.0014845921014890674,6.913150910166375e-06,0.0005102440543367984,1.9830618490092473e-05,0.002634004865922784,0.0025092493590385466,8.760813079853234e-05,0.0006241182818721769,0.0012300744236853206,2.06028399700588e-06,0.002514364263547927,0.00021598090220938357,0.0004312060758916035
200029,0.005937831291149047,0.9742074166935634,0.002496654798728863,0.0012269176290079294,0.0036017668554714295,0.0009168953594828098,0.0014781604484601773,6.9238825406508335e-06,0.0004637213350781276,2.2380982171706737e-05,0.0024795637933132677,0.0023621231454660865,8.776583568034377e-05,0.0005875240074520424,0.0011579507857067933,2.145246396211628e-06,0.002354618164424959,0.00020371681574368457,0.0004059229301624444
200030,0.9657140367977158,0.010047715189577568,0.0029541574447997823,0.0020750889166221615,0.0044267226436856,0.0010254710964323827,0.0017468920464279772,9.348335389006218e-06,0.0005486965338704469,2.6505718752871566e-05,0.002933934576619004,0.0027836528900983437,0.00010384859653251524,0.0007025648249804034,0.0013699833559121116,2.2586862402712396e-06,0.0027860931289493012,0.0002417508743018054,0.0005012783430930174
200031,0.008430188731639076,0.014617486324197598,0.0032524556739228355,0.005418268180002097,0.005689816130686875,0.0012398646255630202,0.001748219654557701,9.767592773402852e-06,0.0006077991413955807,2.9360717624842027e-05,0.9432607688596976,0.009060938129505198,0.00011504714168347902,0.0007769724103343777,0.0015386884075969253,2.501978378355794e-06,0.0030861959336220997,0.00026779522862895565,0.0008478651381904292
200032,0.01143574825376766,0.8981269251570362,0.004769139958928053,0.01184671177078911,0.039214352856206544,0.003888626468022544,0.0060838711215589454,1.3694854611928208e-05,0.0008858060593937713,4.2790168206136454e-05,0.00473649251527374,0.005657125110365841,0.00016765135259586114,0.0011342083295016877,0.002504897989292455,1.0588387765057323e-52,0.004497819875496702,0.00039027837083228776,0.004603859788120724
200033,0.0059287970546310935,0.9737740475432862,0.002492856211525986,0.0011399651909118915,0.004350568630876626,0.0009242378740107398,0.0012894657784803657,2.4560704817538293e-06,0.00046301579663924307,2.2346894176124656e-05,0.002475791209574902,0.002353854816913279,8.763230253013219e-05,0.0005866301068706618,0.0011589483400414097,0.0,0.002351035681803974,0.00020325570917104267,0.00039509478807467336
200034,0.025890121012388162,0.754426358746534,0.005449299761496228,0.14674799309640144,0.008512880514809598,0.0019017156807781994,0.034188796378880414,1.641596472614163e-05,0.0010121369449747394,4.889255279838792e-05,0.00541199624168951,0.005160307501207223,0.00019156126336885483,0.0012959655687751698,0.00300657560917778,4.077321587008996e-06,0.0051392848576216335,0.0004459386496116892,0.0011496823331735954
200035,0.011895326639908744,0.014676362479477392,0.0038658724444429133,0.009468130155285758,0.005792902175048252,0.0013454110530536887,0.002092156752735851,1.2724027738240926e-05,0.0007180358021827985,3.468609202548235e-05,0.003839408374633333,0.0036406977562148937,0.00013591326647460707,0.001112399403512397,0.9360227322082623,2.9111361338692274e-06,0.003683219981520063,0.000910763462484242,0.0007503467888648178
200036,0.028411797369778773,0.04070283469231452,0.011242895567849822,0.00977713890138102,0.016847165840264272,0.004079542582183348,0.006705413194072771,2.0255695351737204e-05,0.1351325229286388,8.349720155994868e-05,0.011165931628287603,0.010637074799606787,0.0001397448577319441,0.0026255569435237407,0.005214465276913503,9.108449663867766e-06,0.7144687011297508,0.0009084073578063141,0.0018279455833203407
200037,0.011592749063702923,0.020711226408159422,0.9117970416245227,0.01815551699046919,0.007091913844850851,0.001557242061006766,0.0023790630958983065,1.3129396081550624e-05,0.0008271228979968988,3.99553833562889e-05,0.004422707853517064,0.011995185626797775,0.00015654473249719072,0.0010590689355542402,0.0021567893277522465,3.410784463268249e-06,0.004199846874647651,0.00036442888857120444,0.0014770562101542014
200038,0.007620384095319594,0.011741651602954293,0.0029831484408194176,0.0036602640909063067,0.004383493472413691,0.0010824507814603973,0.0018024160669502598,1.2497459955291317e-06,0.0006611657466128597,1.8585331835801305e-05,0.0029627271129756454,0.002822402192729357,0.00010258318805436355,0.000702007873762478,0.0013835869831446339,2.3252594722956267e-06,0.9573416024849767,0.00024293519087198288,0.000485020338744256
200039,0.020367732750725887,0.031087192740433825,0.008563934409373636,0.010173878865557007,0.20025664143264824,0.35274140429103645,0.005115918708184261,1.1551238858388052e-05,0.0015906400435727762,7.683844238535155e-05,0.008505309464730135,0.012910200705187233,0.00030105117476913746,0.0020166178692834044,0.0058483295470999,0.0,0.00807672551668806,0.0007008220345783597,0.331655210764888
200040,0.965909349775696,0.010049747312028724,0.002954754914926528,0.002075508597584057,0.004427617936028141,0.001027300170702975,0.001577442018119485,9.045371373948812e-06,0.0005488075062183201,2.6511074050881493e-05,0.002934527956726907,0.0027504804085914775,0.00010386959962232749,0.0007027069167621963,0.0013702604312354793,2.230058233526295e-06,0.0027866566085356075,0.00024180361831964016,0.0005013797252436912
200041,0.006804637576812576,0.9716731032448161,0.002651286429145505,0.0014865136274608945,0.004178608916309815,0.0009865251128255861,0.0014841028844203824,6.569732755030797e-06,0.000486741225299966,6.902564152192206e-09,0.00263313688330445,0.0025084224870547895,8.950054434199957e-05,0.0006239126164129143,0.0012296690777298784,2.001922834032252e-06,0.002508287105088787,0.00021590973010509657,0.00043106398071796265
200042,0.9658214507142324,0.010048832771386913,0.002954486028219989,0.0021378495977377294,0.004427215016788167,0.0010272066849935065,0.001573857377795739,8.639787581821007e-06,0.0005487575639905821,2.6508659057029475e-05,0.0029342609107010096,0.0027881200790043957,0.0001038601473478221,0.0007193736614032524,0.0013701357356769423,1.4843580285110752e-49,0.002786403019003041,0.0002417777636367851,0.00048126448144307217
200043,0.01538403386444205,0.06923378677516799,0.0053380933473151345,0.051595263751118975,0.007998984189642237,0.0019375629487220268,0.003830849835183376,2.355222717023352e-05,0.000991481791975789,4.763272962346057e-05,0.005301551097920318,0.005712691054635889,0.0001891257694415865,0.8210727294980016,0.0024817213264257615,3.972749015255933e-06,0.005054552871681011,0.00041184549225193874,0.003390568680265561
200044,0.02527120607011244,0.0437147323119033,0.5143048022075175,0.016849897791275627,0.01750796589364857,0.003752561544142799,0.0053142817617270344,2.8738770929440936e-05,0.0018476030077176305,8.92507896961605e-05,0.30699087965821215,0.04287133188488492,0.0003496850580543905,0.0023657173020467633,0.0048177731007312515,7.609708285690082e-06,0.009381495466205295,0.0008140506232555965,0.003720417049653554
200045,0.012307751025583165,0.022564218876686783,0.8962406775125612,0.01334540218077293,0.009249773163289154,0.0018062564937336824,0.002644029777387568,1.5309682375326337e-05,0.0009192431994062513,4.440538222772854e-05,0.004915284206436539,0.025697456138074667,0.00017397980529787322,0.00117702208349974,0.0023970004057313216,3.7782337985805302e-06,0.004667602223825659,0.00040501693073368924,0.0014257926785781075
200046,0.029930375786032717,0.4078928057841078,0.012456301930448669,0.042873805214428774,0.02635833670110348,0.006176118707687547,0.019417919552572604,3.4748778276361706e-05,0.0023135969635308877,0.00011176137436033276,0.01237103154230371,0.1492258088195194,0.0004378810194221139,0.0031038309831102505,0.006104179693279041,2.1768734911971676e-06,0.011747653220593013,0.0010193505046774257,0.2684223165510544
200047,0.020369498520944884,0.7408065657494632,0.008564676855306258,0.036706497110171994,0.023821644721862757,0.00435478701197892,0.13061582226735133,1.9973908380146717e-05,0.0015907779433013546,7.678725869577525e-05,0.008506046828203035,0.008103171268874195,0.00030107727424743023,0.0020154781794917095,0.00397230498143997,7.489994825307432e-06,0.008077425724293832,0.0006974716303521113,0.0013925027708157523
200048,0.9622541544519477,0.012868697236208584,0.0030206422317728726,0.002359372237776802,0.004526348245046985,0.0010485498350126118,0.0016291439383378967,8.465141535458527e-06,0.000561045223081804,2.710222187651767e-05,0.0029999642378555355,0.0028757213446886417,0.00010618576100222655,0.0007183763968402012,0.0014008155147514551,8.627526583691916e-50,0.002848795544655498,0.00024719159832509906,0.0004994288392838989
200049,0.008125957851858384,0.014056474838844816,0.0031791320037583923,0.004612084668417459,0.005561544374485012,0.001211872937541081,0.0017088076243328052,9.286587317036476e-06,0.0005940968597235394,2.8698804989716723e-05,0.9483996562901927,0.006026898450855816,0.00011244125172700884,0.000760696542638679,0.001502774758509971,2.4469025849318937e-06,0.003016620438861607,0.000261758027515645,0.0008287507858458144
200050,0.01698430919725189,0.7439999460257698,0.006890608658626471,0.14400750434884718,0.010860070969026935,0.0028725089458312165,0.04635744469838727,1.592374555528857e-05,0.001325520956743989,5.902472696948129e-05,0.0068434385692888134,0.006519309840983042,0.00022761569997325524,0.0016215289414304103,0.0031958706162810114,5.3111369052546065e-06,0.0065325989336687,0.0005611424851683708,0.0011203215032917046
200051,0.008273637261631779,0.015353531533475531,0.0031920564666102855,0.004930688958462945,0.005606354297802551,0.0020622070529947435,0.0017157546213859651,1.1057410119016378e-05,0.0005965121047605005,2.8815478212551075e-05,0.9378125940509031,0.013721447368189732,0.00011291067716008231,0.0007566554328989601,0.0015101144408969354,2.455394277894533e-06,0.003028884226195457,0.000262822180214813,0.0010215010438069652
200052,0.0008810812745655047,0.005021607944573385,0.0002996316165299553,0.008614781489392773,0.0004489896312033466,0.0001087570187857667,0.00016411110328168324,9.45204513284328e-07,5.7051639001071505e-05,2.6685352936204063e-06,0.000297580469698041,0.0002825417664022989,1.0455961428979632e-05,0.00010115084209885548,0.0001389694185836617,2.2004534485736774e-07,0.0002812731786156314,0.9832383487775358,4.9834083151432237e-05
200053,0.021121207361457697,0.021955640659485402,0.005698133062022505,0.05368941364964002,0.008915207182159183,0.002143336991836082,0.8633896962016577,1.2571367928204664e-05,0.0010432131793392595,4.910786059025239e-05,0.005659126138409601,0.00539109050983008,0.00019073081633327248,0.0013409102344861296,0.002642799340777979,4.384730851630208e-06,0.005362957676643956,0.0004640322365775926,0.0009264407999733524
200054,0.9594799041222418,0.013015208579479805,0.003043085803247487,0.0029806104491339126,0.004559979311741396,0.0010590626912600903,0.003508673634289113,8.236260876610682e-06,0.0005652138261796086,2.7303607303099634e-05,0.0030222541704683363,0.0028695197393408096,0.00010697472822633937,0.0007160212290363397,0.0014113859868163116,3.0413540259568856e-39,0.0028699622838841664,0.0002490282482423179,0.0005075753282324777
200055,0.9079449303413575,0.052028485239704166,0.004775097204449514,0.00393390344681282,0.007459643206876678,0.0016654294964551018,0.002567398044131553,1.425535032762612e-05,0.0008869125406934714,4.284378700935308e-05,0.004742408980101161,0.004616246892112424,0.00016786076986564558,0.0011356250959521413,0.002312695618812963,3.6529210676879187e-06,0.00450343820868474,0.0003907658767760819,0.0008084069788094501
200056,0.010044534807388436,0.012177361227213843,0.0032643820135929077,0.006982440231646176,0.004891585518791162,0.001184869808092329,0.001945947371031795,1.0381124609564823e-05,0.0006063167348241501,2.9289288913961992e-05,0.0032420354838678957,0.0030742422165014258,0.00011476654464534516,0.00100610634929777,0.9474457360897373,2.457987492919667e-06,0.0030786687806185283,0.0002747291427143532,0.0006241492790201166
200057,0.0016321073013341098,0.002320218772537268,0.0006458448124771866,0.0007584647730386685,0.0009677804616447613,0.00023434811771419774,0.0003774397417636403,0.6750776153964886,0.00015508050696914186,5.2974315567630285e-06,0.0006414236417196988,0.0006110436175270553,2.1671046520216115e-05,0.00015115028360405616,0.0002995434164280042,5.219861792318521e-07,0.3159428479857799,5.259491302743482e-05,0.0001050057936901933
200058,0.017300074324131727,0.03801385840060196,0.006778775426188739,0.009953230984722177,0.017519435120083998,0.11226457308297891,0.003638032518202102,1.9368820004652787e-05,0.0012648256385676382,6.109893429326259e-05,0.007285636988202797,0.7720098453081333,0.0002393861803665138,0.0016195145194790187,0.0032981343465845283,5.2094274035054195e-06,0.0064223515247578515,0.0005572799433020856,0.0017493685119949226
200059,0.018718472125767566,0.1432125331234991,0.007870476772779196,0.018216493201706752,0.7589271450640022,0.003838620352474422,0.017264613617885196,2.39068270156655e-05,0.0014618392573265476,7.061626156617902e-05,0.007816598935436455,0.007446377993585791,0.0002766738002856429,0.001852115901828216,0.003650334346408968,6.754602439945121e-06,0.007422719224662504,0.0006440735392559205,0.0012796350520739117
200060,0.008565706154743448,0.01643614405018423,0.0032014315013189315,0.010189341668611815,0.004797255929620025,0.0011620207171811566,0.0017274309360023738,1.0456729243972272e-05,0.0005946244914229387,2.8571427540833294e-05,0.003179515903233623,0.0030231081521255136,0.00011253656470780356,0.0017009019367044528,0.9412720100067267,2.3904233397811775e-06,0.0030579252067093866,0.00025473998729136664,0.0006838882132917149
200061,0.014478437723756853,0.028101015129877446,0.013553603532586752,0.010086129505489873,0.009908108065839725,0.0025711738145947414,0.003056062496022905,1.611240443142491e-05,0.0010624935809933431,5.132530902601657e-05,0.005681258149606143,0.8994554100075409,0.00020109197051537654,0.0013604434704696713,0.002770537270629765,4.37608443077611e-06,0.005394978613546761,0.0004681327959522829,0.0017793100746893822
200062,0.9659122896095036,0.010049777899357556,0.0029547639079944535,0.0020755149145850723,0.004427631411889928,0.0010273032973853837,0.0015774468192091271,9.72643835602341e-06,0.0005488091765643634,2.6511154739769935e-05,0.0029345368882322275,0.002747949078725075,0.00010386991575899251,0.0007015266360634581,0.0013702646017489358,2.2275543949538942e-06,0.0027866650899809006,0.00024180435427115785,0.0005013812512389277
200063,0.013084442024243376,0.023834369288845764,0.9019255047821441,0.017804380048600955,0.008648488594962539,0.0018049632694415237,0.0026675447488780355,1.3934151087109379e-05,0.0009274185905503712,4.480031408058399e-05,0.004958998830594861,0.013893987498298266,0.00017552711395395768,0.0011874900596828574,0.002418318394161506,3.819752069584718e-06,0.004709114060855936,0.00040861899363812796,0.00148827948391081
200064,0.008366378712686954,0.014506843240267736,0.0032278370960000134,0.00540931283061797,0.005646748616222986,0.0012304798077643017,0.0017349869817385112,9.693659638590793e-06,0.0006031985712344433,2.9138479664610194e-05,0.9439538677491087,0.008690866277704025,0.00011425070500413493,0.0007710913291620618,0.001527041724518327,2.483040334045886e-06,0.0030628358135484776,0.00026576822553826904,0.0008471771392455787
200065,0.01669446058698317,0.031753092146800936,0.8007402579348951,0.016286586498421813,0.013858323102293268,0.0024596953682665392,0.0035410540910559736,1.8935358109417666e-05,0.0012311093920996147,5.9470542810498066e-05,0.006582863550463573,0.09294566605755726,0.00023300490281159583,0.0015763433905642583,0.0032102165284099778,5.0598025029191995e-06,0.006251151969411833,0.0005424246246343381,0.002010284151908181
200066,0.007945250190603938,0.013743882435596173,0.02502313637921281,0.004802540580766049,0.0055044927008099645,0.001184922917829802,0.0016708066114114392,9.169408765227512e-06,0.0005808851428974795,2.8060591744578728e-05,0.9273088400507846,0.005859801116131744,0.00010994074704823264,0.0007437799285421464,0.0014689905362032692,2.3924875791563745e-06,0.0029495358644228693,0.00025593696840738104,0.0008076353412436332
200067,0.018942960104560508,0.07860175670745952,0.6462242451487233,0.030456514495920534,0.018517785796120588,0.003112048587122101,0.004086792773117274,2.262311171127095e-05,0.0014220384963550296,6.869363321055852e-05,0.007603780334293886,0.1693891903317324,0.00026914094211600453,0.0018208138117070001,0.0037481025878583775,5.84480160549234e-06,0.007220624587965052,0.0006265376734926178,0.00786050607492839
200068,0.012570220268095322,0.023200354569990145,0.0052592551226044015,0.006531113478068535,0.030269936753156798,0.5900071560022543,0.002696467070744607,1.4250855946161133e-05,0.0009374739416338803,4.528599886850016e-05,0.00501276578628501,0.30364055112023974,0.00017743023167605834,0.0012003651837961256,0.004164677447748756,8.984847055553385e-07,0.0047601716907726445,0.00041304278601231564,0.009098583207401199
200069,0.9612252992933664,0.012874028843323426,0.00313973104714739,0.002406260066574196,0.004704799517695319,0.0010898889106566376,0.0017033486711387719,8.648060215226268e-06,0.0005831644301449754,2.8170701932716466e-05,0.0031182378233514415,0.0030711363187628984,0.00011037213446757224,0.0007413622715286004,0.0014560426642812043,2.343993539046956e-06,0.0029611093046528576,0.00025693712671155455,0.0005191188205099383
200070,0.006988774814680178,0.9708720465297649,0.00272303169909527,0.0015267395043460858,0.004291684373348142,0.0010132210253282216,0.0015242635252721072,6.690646000642986e-06,0.0005004408201743227,2.0531666143866593e-05,0.002704391016554868,0.002576301780104167,9.57237471423125e-05,0.0006407960351931459,0.0012629445997409206,2.104089334637593e-06,0.002585832952266068,0.00022175236623104842,0.00044272880927901623
200071,0.0012284643568984737,0.006522683600754555,0.00047153614060493757,0.00554155916261295,0.0007065837721704316,0.00017115304952076738,0.0002586892592243527,1.0315911550309688e-06,8.978328115471721e-05,4.137517588089216e-06,0.00046830821068173303,0.0004446415089033911,1.618763066141305e-05,0.0001917156845823377,0.0002186988945290445,3.6614655030022703e-07,0.003621564634214481,0.9799642450938895,7.865046430357322e-05
200072,0.00892255986252369,0.013450801551653077,0.003478583406748764,0.006750028552963852,0.005212560339906797,0.001262618295415461,0.0019083842936991205,7.802070749733665e-06,0.0006691622516763998,2.9902969492467436e-05,0.003454770548089404,0.0032911407627113755,0.00013685320155666726,0.0008187172226568701,0.0016133701747803341,3.0725289460689866e-06,0.9481523991033425,0.00027170137519054357,0.0005655714878968592
200073,0.01707452076327442,0.11370047486711371,0.00717925149930883,0.023058540429461667,0.777968599806492,0.0028805093495788588,0.028999920892006568,1.7627231927246938e-05,0.0013334531036553958,6.441438255405149e-05,0.0071301054874864985,0.006792399230471734,0.0002523749008941902,0.001689453669577202,0.003326651779324729,6.125586784554421e-06,0.006770818294885754,0.0005875077274048561,0.0011672509977976523
200074,0.00884935615696095,0.015483026788602462,0.003414174884988077,0.005048335164999275,0.005996471002353151,0.0015477164235584377,0.0018351449601262248,1.0237936335566536e-05,0.0006380202443058234,3.082059576367273e-05,0.939403001726511,0.010772578742928337,0.00012084621249959693,0.0008156051782537587,0.0016151953612033626,2.6263822165676737e-06,0.003239648346695621,0.00028111059321582385,0.0008960832984826351
200075,0.017520949868087745,0.7435454212637317,0.007366959656070679,0.024328756282662466,0.1344558767123871,0.0043501764397808835,0.03853497474431009,1.805930311204848e-05,0.001368317465802288,6.609859326975831e-05,0.007316528676408421,0.0069699927776075594,0.00025897347561529613,0.001733625995101863,0.0034168026458285365,0.0,0.006947847588541892,0.0006028686591963006,0.0011977698524855151
200076,0.011608482722204,0.015736024130378744,0.004051969526898598,0.009597536423768305,0.006071763469418512,0.0014707397405514051,0.002230796503120367,1.2517827937379155e-05,0.0011413914892993275,3.617900238451614e-05,0.004024231517958271,0.0038208605647053312,0.0010106537812738943,0.0011752137773475642,0.0023013321101647156,2.94404435940693e-06,0.934782589459384,0.00025046419535661965,0.000674309713488945
200077,0.006336295422335183,0.9724418389260396,0.0026133685631779782,0.001465253976347631,0.004118847763732115,0.000972416140445044,0.0014628777109970761,5.606946830234139e-06,0.00047978000513947876,1.7458410667987952e-05,0.002595478586442323,0.0024725478163257087,8.57621862207583e-05,0.0006149896140905215,0.0012120827367139808,1.857011978281327e-06,0.0024658172865460793,0.00021282185694389757,0.0004248990390260308
200078,0.016921715739238462,0.05425519584716988,0.00711500221740385,0.014190399724210311,0.7127253422136254,0.155634584717969,0.009772454519206787,9.86637447163223e-06,0.0013215196305945795,6.38381330680962e-05,0.007066296028029358,0.006797413122128473,0.0002501163219664489,0.0016743342403313373,0.0034869208643187686,5.855061020594335e-06,0.006710224204624758,0.0005822499439711622,0.0014166710966507276
200079,0.007921109747847726,0.013734771201156749,0.003056047635856872,0.005526004309938117,0.005367475787723046,0.0011653334415287387,0.0016426488407221653,8.840847474996531e-06,0.0005710956014036881,2.758769307144066e-05,0.945266711884011,0.009476748841890195,0.00010809971928989546,0.0007258619041123232,0.001445770685841641,2.3508898735942146e-06,0.0028998279245913174,0.000251623713708661,0.0008020893299577556
200080,0.00759920037017836,0.9668986246170157,0.0031650889528789207,0.0014471279817191397,0.004988396868035157,0.0012222790340909273,0.001811616301540882,6.367037839168841e-13,0.0006089253964327556,2.801468942073347e-05,0.003143422139965083,0.0029945388833333255,0.00010455156767395896,0.0007448229312616162,0.0014679711595227466,2.4229747353574054e-06,0.003000643011798161,0.00025775166879836464,0.0005146014509621128
200081,0.00637224736543627,0.9720549005862615,0.002653203073362368,0.0014875882445660252,0.004181629678806818,0.0009872382827160594,0.0014851757587727664,6.793283131602871e-06,0.0005034295469900715,2.162572672674265e-05,0.002635040407014342,0.0025102358533513956,8.764257333907953e-05,0.0006243636497282627,0.0012305580190757012,2.008661222920518e-06,0.0025088778742403156,0.00021606581363157684,0.0004313756016264615
200082,0.012796685860376212,0.061067726673447606,0.003939380830718139,0.041106899811624034,0.005903052444323215,0.001429873522602276,0.004964054511386131,1.1539841638695376e-05,0.0007316890341155199,3.51571293410277e-05,0.003912413554686958,0.004313311730619871,0.00013860817128645577,0.8355529051431357,0.0018314489433616282,2.9554383948661774e-06,0.00376279546700215,0.0003025961376798139,0.018196905754259408
200083,0.013597074348781844,0.026857715621652806,0.8864073500294436,0.018395140797720776,0.008377084270748285,0.0022616962339377126,0.0029210104582716332,1.7135707768309673e-05,0.0010155403778446725,4.9057152768943114e-05,0.0054301947334967435,0.02288624964270177,0.00019220541128143974,0.001300323409714551,0.0026481030257308707,4.174030482355483e-06,0.00515656632442237,0.00044744529754090146,0.0020359331256904227
200084,0.014393974758930861,0.0178626079219359,0.0029794316297838044,0.014542261581576243,0.004540555985474778,0.001032013867007973,0.0015796735445979214,7.605872600365005e-06,0.0005492011381915514,2.653015407654944e-05,0.0029615865400217842,0.002865208907315185,0.0001015169820333254,0.0007803490562627521,0.9315100022114421,2.2589395101829825e-06,0.003222145419797809,0.00024165361223690162,0.0008014218772039201
200085,0.008068857512974377,0.013990957747498705,0.003113050281028037,0.004970249613482205,0.005467592132181337,0.0011855343630667462,0.0016732881959173802,8.912260114675957e-06,0.000581747909156902,2.8102269958525514e-05,0.9457840183901297,0.008789320025805668,0.00011011603928094724,0.0007436701442959775,0.0014727377895074837,2.394621124904875e-06,0.0029539166960827886,0.000256317101698068,0.0007992169066955291
